3,2
3,1
3,3
10,301
10,123
10,165
10,255
10,297
10,83
10,237
10,119
9,7
9,1
9,5
9,3
8,5
8,14
8,10
8,17
8,16
8,7
8,15
8,2
8,3
177,4
177,3
177,2
177,1
177,0
175,3
175,2
175,1
175,0
174,3
174,2
174,1
174,0
173,4
173,3
173,2
173,1
173,0
172,3
172,2
172,1
172,0
20,3
20,2
20,1
19,3
19,2
19,1
18,1
12,3
18,3
12,2
12,1
11,30
11,29
11,28
11,27
11,26
11,25
11,24
11,23
11,22
11,21
11,20
11,19
11,18
11,17
11,16
11,15
11,14
11,13
11,12
11,11
11,10
11,9
11,8
11,7
11,6
11,5
14,1
11,4
11,3
14,3
11,2
13,1
11,1
10,315
10,311
10,309
13,3
10,305
10,300
10,299
10,298
10,295
10,293
10,291
10,289
10,288
10,287
10,286
10,285
10,284
10,281
10,279
10,278
10,275
10,274
10,272
10,270
10,268
10,264
10,261
10,257
10,256
10,254
10,248
